 1  815004  703148  202340  770002  474.00   34
 1  815004  703148  202340  790003  626.00   58
 1  815004  703148  202340  800003  532.00   70
 1  815004  703148  202340  810003  605.00   82
 1  815006  703005  702224  770002  480.00   34
 1  815006  703005  702224  790003  642.00   58
 1  815006  703005  702224  800003  564.00   70
 1  815006  703005  702224  810003  610.00   82
 1  815008  703084  702389  770002  575.00   34
 1  815008  703084  702389  790003  606.00   58
 1  815008  703084  702389  800003  632.00   70
 1  815008  703084  702389  810003  700.00   82
 1  815010  703005  212022  770002  414.00   34
 1  815010  703005  212022  790003  616.00   58
 1  815010  703005  212022  800003  600.00   70
 1  815010  703005  212022  810003  574.00   82
 1  815012  703166  202316  770002  374.00   34
 1  815012  703166  202316  790003  498.00   58
 1  815012  703166  202316  800003  492.00   70
 1  815012  703166  202316  810003  528.00   82
 1  815014  703148  702373  770002  420.00   34
 1  815014  703148  702373  790003  502.00   58
 1  815014  703148  702373  800003  432.00   70
 1  815014  703148  702373  810003  555.00   82
 1  815018  703161  702215  770002  510.00   34
 1  815018  703161  702215  790003  612.00   58
 1  815028  703246  202304  770002  575.00   34
 1  815030  703006  701123  770002  403.00   34
 1  815030  703006  701123  790003  514.00   57
 1  815034  703166  201128  770002  500.00   34
 1  815034  703166  201128  790003  682.00   57
 1  815034  703166  201128  800003  622.00   69
 1  815034  703166  201128  810003  651.00   81
 1  815036  703161  702348  770002  454.00   34
 1  815036  703161  702348  790003  598.00   57
 1  815036  703161  702348  800003  524.00   69
 1  815036  703161  702348  810003  590.00   81
 1  815040  703161  702321  770002  502.00   34
 1  815040  703161  702321  790003  528.00   57
 1  815040  703161  702321  800003  570.00   69
 1  815040  703161  702321  810003  709.00   81
 1  815042  703148  202376  770002  509.00   34
 1  815046  703148  201058  770002  582.00   34
 1  815046  703148  201058  790003  608.00   57
 1  815046  703148  201058  800003  665.00   69
 1  815046  703148  201058  810003  690.00   81
 1  815048  703166  202298  770002  524.00   34
 1  815048  703166  202298  790003  594.00   57
 1  815048  703166  202298  800003  606.00   69
 1  815048  703166  202298  810003  605.00   81
 1  815052  703246  202248  770002  434.00   34
 1  815054  703246  702217  770002  474.00   34
 1  815056  703095  201150  770002  388.00   34
 1  815056  703095  201150  790003  486.00   57
 1  815056  703095  201150  800003  550.00   69
 1  815056  703095  201150  810003  568.00   81
 1  815058  703161  701109  770002  341.00   34
 1  815058  703161  701109  790003  654.00   57
 1  815058  703161  701109  800003  550.00   69
 1  815058  703161  701109  810003  625.00   81
 1  815060  703087  201032  770002  430.00   34
 1  815060  703087  201032  790003  570.00   57
 1  815060  703087  201032  800003  560.00   69
 1  815060  703087  201032  810003  670.00   81
 1  815062  703153  201004  770002  502.00   34
 1  815062  703153  201004  790003  544.00   57
 1  815066  703011  702309  770002  460.00   34
 1  815066  703011  702309  790003  530.00   57
 1  815066  703011  702309  800003  501.00   69
 1  815066  703011  702309  810003  557.00   81
 1  815068  703166  702398  770002  472.00   34
 1  815068  703166  702398  790003  536.00   57
 1  815068  703166  702398  800003  508.00   69
 1  815068  703166  702398  810003  560.00   81
 1  815070  703166  202208  770002  470.00   34
 1  815070  703166  202208  790003  544.00   57
 1  815070  703166  202208  800003  560.00   69
 1  815070  703166  202208  810003  590.00   81
 1  815074  703077  202228  770002  585.00   33
 1  815074  703077  202228  790003  648.00   57
 1  815076  703166  202246  770002  535.00   33
 1  815076  703166  202246  790003  706.00   57
 1  815076  703166  202246  800003  658.00   69
 1  815076  703166  202246  810003  660.00   81
 1  815078  703166  702207  770002  490.00   33
 1  815078  703166  702207  790003  518.00   57
 1  815078  703166  702207  800003  566.00   69
 1  815078  703166  702207  810003  595.00   81
 1  815082  703001  202212  770002  482.00   33
 1  815082  703001  202212  790003  648.00   57
 1  815082  703001  202212  800003  603.00   69
 1  815082  703001  202212  810003  588.00   81
 1  815102  703077  202334  770002  467.00   33
 1  815102  703077  202334  790003  600.00   57
 1  815102  703077  202334  800003  565.00   69
 1  815102  703077  202334  810003  628.00   81
 1  815104  703161  701127  770002  509.00   33
 1  815104  703161  701127  790003  496.00   57
 1  815104  703161  701127  800003  515.00   69
 1  815104  703161  701127  810003  625.00   81
 1  815106  703246  201034  770002  483.00   33
 1  815106  703246  201034  790003  560.00   57
 1  815106  703246  201034  800003  505.00   69
 1  815106  703246  201034  810003  540.00   81
 1  815108  703095  201050  770002  558.00   33
 1  815108  703095  201050  790003  648.00   57
 1  815108  703095  201050  800003  580.00   69
 1  815108  703095  201050  810003  627.00   81
 1  815114  703001  702365  770002  415.00   33
 1  815114  703001  702365  790003  426.00   57
 1  815114  703001  702365  800003  435.00   69
 1  815114  703001  702365  810003  610.00   81
 1  815116  703011  702206  770002  496.00   33
 1  815116  703011  702206  790003  686.00   57
 1  815116  703011  702206  800003  598.00   69
 1  815116  703011  702206  810003  610.00   81
 1  815118  703246  701071  770002  470.00   33
 1  815118  703246  701071  790003  654.00   57
 1  815118  703246  701071  800003  560.00   69
 1  815118  703246  701071  810003  601.00   81
 1  815124  703011  702323  770002  493.00   33
 1  815124  703011  702323  790003  548.00   57
 1  815124  703011  702323  800003  535.00   69
 1  815124  703011  702323  810003  660.00   81
 1  815126  703246  702371  770002  484.00   33
 1  815126  703246  702371  790003  492.00   57
 1  815130  703246  701029  770002  482.00   33
 1  815130  703246  701029  790003  554.00   57
 1  815130  703246  701029  800003  521.00   69
 1  815130  703246  701029  810003  558.00   81
 1  815134  703095       0  770002  462.00   33
 1  815134  703095       0  790003  598.00   57
 1  815134  703095       0  800003  542.00   69
 1  815134  703095       0  810003  622.00   81
 1  815136  703166  201020  770002  512.00   33
 1  815136  703166  201020  790003  618.00   57
 1  815136  703166  201020  800003  570.00   69
 1  815136  703166  201020  810003  715.00   81
 1  815142  703148  201048  770002  492.00   33
 1  815142  703148  201048  790003  640.00   57
 1  815146  703011  202250  770002  456.00   33
 1  815146  703011  202250  790003  498.00   57
 1  815146  703011  202250  800003  552.00   69
 1  815146  703011  202250  810003  550.00   81
 1  815148  703084  202238  770002  500.00   33
 1  815148  703084  202238  790003  582.00   57
 1  815150  703161  702343  770002  524.00   33
 1  815150  703161  702343  790003  652.00   57
 1  815152  703087  202322  770002  465.00   33
 1  815152  703087  202322  790003  532.00   57
 1  815152  703087  202322  800003  570.00   69
 1  815152  703087  202322  810003  595.00   81
 1  815154  703166  201176  770002  445.00   33
 1  815154  703166  201176  790003  546.00   57
 1  815154  703166  201176  800003  492.00   69
 1  815154  703166  201176  810003  555.00   81
 1  815156  703246  702283  770002  492.00   33
 1  815156  703246  702283  790003  674.00   57
 1  815156  703246  702283  800003  585.00   69
 1  815156  703246  702283  810003  672.00   81
 1  815158  703148  702369  770002  458.00   33
 1  815158  703148  702369  790003  486.00   57
 1  815164  703161  201158  770002  478.00   33
 1  815164  703161  201158  790003  680.00   57
 1  815164  703161  201158  800003  614.00   69
 1  815164  703161  201158  810003  680.00   81
 1  815166  703077  201140  770002  524.00   33
 1  815166  703077  201140  790003  720.00   57
 1  815168  703246  701159  770002  366.00   33
 1  815168  703246  701159  790003  690.00   57
 1  815168  703246  701159  800003  665.00   69
 1  815168  703246  701159  810003  765.00   81
 1  815182  703166  701145  770002  356.00   33
 1  815182  703166  701145  790003  518.00   57
 1  815182  703166  701145  800003  505.00   69
 1  815182  703166  701145  810003  510.00   81
 1  815184  703087  702219  770002  436.00   33
 1  815184  703087  702219  790003  568.00   57
 1  815184  703087  702219  800003  580.00   69
 1  815184  703087  702219  810003  574.00   81
 1  815186  703161  202223  770002  486.00   33
 1  815186  703161  202223  790003  692.00   57
 1  815186  703161  202223  800003  565.00   69
 1  815186  703161  202223  810003  640.00   81
 1  815190  703084  702311  770002  464.00   33
 1  815190  703084  702311  790003  592.00   57
 1  815190  703084  702311  800003  650.00   69
 1  815190  703084  702311  810003  690.00   81
 1  815192  703095  702366  770002  444.00   33
 1  815192  703095  702366  790003  618.00   57
 1  815192  703095  702366  800003  551.00   69
 1  815192  703095  702366  810003  570.00   81
 1  815196  703077  201046  770002  508.00   32
 1  815196  703077  201046  790003  544.00   57
 1  815196  703077  201046  800003  557.00   69
 1  815196  703077  201046  810003  606.00   81
 1  815202  703001  201174  770002  374.00   32
 1  815202  703001  201174  790003  506.00   56
 1  815202  703001  201174  800003  522.00   68
 1  815202  703001  201174  810003  622.00   80
 1  815204  703095  702225  770002  540.00   32
 1  815204  703095  702225  790003  704.00   56
 1  815204  703095  702225  800003  655.00   68
 1  815204  703095  702225  810003  750.00   80
 1  815206  703148  702211  770002  434.00   32
 1  815206  703148  702211  790003  556.00   56
 1  815206  703148  702211  800003  545.00   68
 1  815206  703148  702211  810003  561.00   80
 1  815210  703006  202216  770002  500.00   32
 1  815210  703006  202216  790003  616.00   56
 1  815210  703006  202216  800003  628.00   68
 1  815210  703006  202216  810003  610.00   80
 1  815214  703095  201180  770002  446.00   32
 1  815214  703095  201180  790003  582.00   56
 1  815216  703087  702355  770002  386.00   32
 1  815216  703087  702355  790003  504.00   56
 1  815218  703095  201052  770002  438.00   32
 1  815218  703095  201052  790003  542.00   56
 1  815218  703095  201052  800003  575.00   68
 1  815218  703095  201052  810003  600.00   80
 1  815220  703006  702307  770002  474.00   32
 1  815220  703006  702307  790003  582.00   56
 1  815220  703006  702307  800003  549.00   68
 1  815220  703006  702307  810003  615.00   80
 1  815222  703246  702327  770002  462.00   32
 1  815222  703246  702327  790003  500.00   56
 1  815224  703001  702285  770002  480.00   32
 1  815224  703001  702285  790003  712.00   56
 1  815224  703001  702285  800003  612.00   68
 1  815224  703001  702285  810003  690.00   80
 1  815230  703153  202214  770002  474.00   32
 1  815230  703153  202214  790003  568.00   56
 1  815230  703153  202214  800003  582.00   68
 1  815230  703153  202214  810003  604.00   80
 1  815232  703001  702265  770002  494.00   32
 1  815232  703001  702265  790003  502.00   56
 1  815234  703087  201054  770002  446.00   32
 1  815234  703087  201054  790003  624.00   56
 1  815234  703087  201054  800003  592.00   68
 1  815234  703087  201054  810003  564.00   80
 1  815238  703095  202226  770002  412.00   32
 1  815238  703095  202226  790003  514.00   56
 1  815238  703095  202226  800003  516.00   68
 1  815238  703095  202226  810003  504.00   80
 1  815246       0  702381  770002  444.00   31
 1  815246       0  702381  790003  504.00   55
 1  815246       0  702381  800003  490.00   67
 1  815246       0  702381  810003  585.00   79
 1  816004  703166  712514  770001  390.00   22
 1  816004  703166  712514  790003  432.00   46
 1  816006  703166  701034  770001  374.00   21
 1  816006  703166  701034  780002  368.00   34
 1  816006  703166  701034  790003  432.00   46
 1  816006  703166  701034  800003  430.00   58
 1  816006  703166  701034  810003  496.00   70
 1  816006  703166  701034  820003  543.00   82
 1  816008  703095  701102  770001  378.00   21
 1  816008  703095  701102  790003  484.00   45
 1  816010  703161  701010  770001  384.00   21
 1  816010  703161  701010  780002  395.00   34
 1  816010  703161  701010  790003  568.00   45
 1  816010  703161  701010  800003  520.00   57
 1  816010  703161  701010  810003  585.00   69
 1  816010  703161  701010  820003  550.00   81
 1  816016  703006  712522  770001  432.00   21
 1  816016  703006  712522  790003  572.00   45
 1  816020  703077  701153  770001  370.00   21
 1  816020  703077  701153  780002  392.00   33
 1  816020  703077  701153  790003  448.00   45
 1  816020  703077  701153  800003  482.00   57
 1  816020  703077  701153  810003  517.00   69
 1  816020  703077  701153  820003  493.00   81
 1  816028  703012  712516  770001  390.00   21
 1  816028  703012  712516  790003  462.00   45
 1  816028  703012  712516  800003  520.00   57
 1  816028  703012  712516  810003  538.00   69
 1  816028  703012  712516  820003  530.00   81
 1  816030  703246  701081  770001  434.00   21
 1  816030  703246  701081  780002  440.00   33
 1  816030  703246  701081  790003  510.00   45
 1  816030  703246  701081  800003  465.00   57
 1  816030  703246  701081  810003  588.00   69
 1  816030  703246  701081  820003  565.00   81
 1  816032  703011  701101  770001  376.00   21
 1  816032  703011  701101  790003  486.00   45
 1  816032  703011  701101  800003  496.00   57
 1  816032  703011  701101  810003  630.00   69
 1  816032  703011  701101  820003  595.00   81
 1  816034  703161  701077  770001  408.00   21
 1  816034  703161  701077  780002  495.00   33
 1  816034  703161  701077  790003  542.00   45
 1  816034  703161  701077  800003  511.00   57
 1  816034  703161  701077  810003  683.00   69
 1  816034  703161  701077  820003  590.00   81
 1  816038  703012  701139  770001  424.00   21
 1  816038  703012  701139  790003  576.00   45
 1  816040  703161  701014  770001  436.00   21
 1  816040  703161  701014  780002  450.00   33
 1  816040  703161  701014  790003  648.00   45
 1  816040  703161  701014  800003  600.00   57
 1  816040  703161  701014  810003  625.00   69
 1  816040  703161  701014  820003  635.00   81
 1  816042  703001  701055  770001  410.00   21
 1  816042  703001  701055  790003  486.00   45
 1  816042  703001  701055  800003  554.00   57
 1  816042  703001  701055  810003  645.00   69
 1  816042  703001  701055  820003  748.00   81
 1  816044  703084  712608  770001  500.00   21
 1  816044  703084  712608  780002  515.00   33
 1  816044  703084  712608  790003  702.00   45
 1  816050  703246  701110  770001  452.00   21
 1  816050  703246  701110  790003  540.00   45
 1  816050  703246  701110  800003  665.00   57
 1  816050  703246  701110  810003  675.00   69
 1  816050  703246  701110  820003  641.00   81
 1  816058  703006  702246  770001  348.00   21
 1  816058  703006  702246  780002  445.00   33
 1  816058  703006  702246  790003  620.00   45
 1  816058  703006  702246  800003  610.00   57
 1  816058  703006  702246  810003  639.00   69
 1  816058  703006  702246  820003  636.00   81
 1  816060  703148  701119  770001  404.00   21
 1  816060  703148  701119  790003  624.00   45
 1  816060  703148  701119  800003  572.00   57
 1  816060  703148  701119  810003  586.00   69
 1  816060  703148  701119  820003  610.00   81
 1  816062  703001  701168  770001  416.00   21
 1  816062  703001  701168  790003  486.00   45
 1  816062  703001  701168  800003  514.00   57
 1  816062  703001  701168  810003  568.00   69
 1  816066  703153  701166  770001  324.00   20
 1  816066  703153  701166  780002  335.00   33
 1  816066  703153  701166  790003  474.00   45
 1  816066  703153  701166  800003  454.00   57
 1  816066  703153  701166  810003  518.00   69
 1  816066  703153  701166  820003  531.00   81
 1  816068  703153  701160  770001  414.00   20
 1  816068  703153  701160  790003  458.00   45
 1  816070  703006  701063  770001  408.00   20
 1  816070  703006  701063  780002  410.00   33
 1  816070  703006  701063  790003  568.00   45
 1  816070  703006  701063  800003  547.00   57
 1  816070  703006  701063  810003  566.00   69
 1  816070  703006  701063  820003  584.00   81
 1  816072  703084  712433  770001  418.00   20
 1  816072  703084  712433  790003  582.00   45
 1  816072  703084  712433  800003  580.00   57
 1  816072  703084  712433  810003  610.00   69
 1  816072  703084  712433  820003  610.00   81
 1  816080  703161  712660  770001  372.00   20
 1  816080  703161  712660  780002  395.00   33
 1  816080  703161  712660  790003  558.00   44
 1  816086  703153  712414  770001  416.00   20
 1  816086  703153  712414  790003  600.00   44
 1  816092  703001  712510  770001  352.00   20
 1  816092  703001  712510  780002  370.00   33
 1  816092  703001  712510  790003  534.00   44
 1  816092  703001  712510  800003  492.00   56
 1  816092  703001  712510  810003  565.00   68
 1  816092  703001  712510  820003  565.00   81
 1  816094  703095  702207  770001  376.00   20
 1  816094  703095  702207  790003  516.00   44
 1  816094  703095  702207  800003  520.00   56
 1  816094  703095  702207  810003  565.00   68
 1  816094  703095  702207  820003  530.00   80
 1  816098  703095  712416  770001  422.00   20
 1  816098  703095  712416  780002  505.00   33
 1  816098  703095  712416  790003  556.00   44
 1  816114  703012  701103  770001  432.00   20
 1  816114  703012  701103  790003  584.00   44
 1  816114  703012  701103  800003  552.00   56
 1  816114  703012  701103  810003  564.00   68
 1  816114  703012  701103  820003  597.00   80
 1  816116  703153  702259  770001  336.00   20
 1  816116  703153  702259  780002  395.00   33
 1  816116  703153  702259  790003  550.00   44
 1  816120  703161  712508  770001  378.00   20
 1  816120  703161  712508  790003  550.00   44
 1  816120  703161  712508  800003  520.00   56
 1  816120  703161  712508  810003  586.00   68
 1  816120  703161  712508  820003  580.00   80
 1  816122  703012  702332  770001  388.00   20
 1  816122  703012  702332  780002  380.00   32
 1  816122  703012  702332  790003  436.00   44
 1  816122  703012  702332  800003  450.00   56
 1  816122  703012  702332  810003  540.00   68
 1  816122  703012  702332  820003  502.00   80
 1  816126  703153  701170  770001  474.00   20
 1  816126  703153  701170  790003  682.00   44
 1  816126  703153  701170  800003  682.00   56
 1  816126  703153  701170  810003  709.00   68
 1  816136  703012  702345  770001  420.00   20
 1  816136  703012  702345  780002  425.00   32
 1  816136  703012  702345  790003  486.00   44
 1  816136  703012  702345  800003  531.00   56
 1  816136  703012  702345  810003  585.00   68
 1  816136  703012  702345  820003  583.00   80
 1  816140  703166  702284  770001  340.00   20
 1  816140  703166  702284  790003  488.00   44
 1  816140  703166  702284  800003  485.00   56
 1  816140  703166  702284  810003  550.00   68
 1  816140  703166  702284  820003  560.00   80
 1  816142  703095  712527  770001  376.00   20
 1  816142  703095  712527  780002  530.00   32
 1  816142  703095  712527  790003  544.00   44
 1  816142  703095  712527  800003  552.00   56
 1  816142  703095  712527  810003  625.00   68
 1  816142  703095  712527  820003  609.00   80
 1  816144  703012  701028  770001  414.00   20
 1  816144  703012  701028  790003  582.00   44
 1  816144  703012  701028  800003  575.00   56
 1  816144  703012  701028  810003  600.00   68
 1  816144  703012  701028  820003  590.00   80
 1  816148  703005  702213  770001  420.00   20
 1  816148  703005  702213  780002  450.00   32
 1  816148  703005  702213  790003  586.00   44
 1  816156  703084  701064  770001  458.00   20
 1  816156  703084  701064  790003  540.00   44
 1  816158  703095  701042  770001  418.00   20
 1  816158  703095  701042  780002  434.00   32
 1  816158  703095  701042  790003  528.00   44
 1  816158  703095  701042  800003  558.00   56
 1  816164  703161  702279  770001  348.00   20
 1  816164  703161  702279  780002  388.00   32
 1  816164  703161  702279  790003  530.00   44
 1  816168  703077  712477  770001  338.00   20
 1  816168  703077  712477  790003  538.00   44
 1  816168  703077  712477  800003  557.00   56
 1  816168  703077  712477  810003  658.00   68
 1  816168  703077  712477  820003  755.00   80
 1  816174  703087  701008  770001  408.00   20
 1  816174  703087  701008  790003  596.00   44
 1  816178  703087  702378  770001  376.00   20
 1  816178  703087  702378  790003  564.00   44
 1  816178  703087  702378  800003  594.00   56
 1  816178  703087  702378  810003  680.00   68
 1  816182  703087  701002  770001  392.00   19
 1  816182  703087  701002  780002  410.00   32
 1  816182  703087  701002  790003  598.00   44
 1  816182  703087  701002  800003  610.00   56
 1  816182  703087  701002  810003  622.00   68
 1  816182  703087  701002  820003  639.00   80
 1  816202  703087  702294  770001  432.00   19
 1  816202  703087  702294  790003  688.00   43
 1  816202  703087  702294  800003  742.00   55
 1  816202  703087  702294  810003  703.00   67
 1  816210  703095  702361  770001  384.00   19
 1  816210  703095  702361  790003  516.00   43
 1  816210  703095  702361  800003  550.00   55
 1  816210  703095  702361  810003  680.00   67
 1  816210  703095  702361  820003  625.00   79
 1  816214  703148  702329  770001  330.00   19
 1  816214  703148  702329  780002  410.00   31
 1  816214  703148  702329  790003  570.00   43
 1  816214  703148  702329  800003  535.00   55
 1  816214  703148  702329  810003  600.00   67
 1  816214  703148  702329  820003  588.00   79
 1  816220  814013  814006  770001  434.00   21
 1  816220  814013  814006  790003  590.00   45
 1  816224  814013  814044  770001  484.00   21
 1  816224  814013  814044  780002  482.00   33
 1  816224  814013  814044  790003  690.00   45
 1  816224  814013  814044  800003  780.00   57
 1  816224  814013  814044  810003  724.00   69
 1  816228  814001  814026  770001  408.00   21
 1  816228  814001  814026  790003  612.00   45
 1  816228  814001  814026  800003  562.00   57
 1  816228  814001  814026  810003  606.00   69
 1  816228  814001  814026  820003  648.00   81
 1  816230  814013  814062  770001  408.00   20
 1  816230  814013  814062  780002  395.00   33
 1  816230  814013  814062  790003  644.00   45
 1  816230  814013  814062  800003  595.00   57
 1  816230  814013  814062  810003  752.00   69
 1  816232  814001  814046  770001  366.00   20
 1  816232  814001  814046  790003  516.00   44
 1  816232  814001  814046  800003  488.00   56
 1  816232  814001  814046  810003  492.00   68
 1  816232  814001  814046  820003  575.00   80
 1  816236  814001  814028  770001  336.00   20
 1  816236  814001  814028  780002  500.00   32
 1  816236  814001  814028  790003  520.00   44
 1  816238  814001  814060  770001  396.00   19
 1  816238  814001  814060  790003  520.00   44
 1  817506  106084  701010  781251  456.00   22
 1  817506  106084  701010  791252  530.00   33
 1  817506  106084  701010  801253  542.00   45
 1  817506  106084  701010  811253  615.00   57
 1  817506  106084  701010  821253  642.00   69
 1  817506  106084  701010  831253  720.00   81
 1  817508  106084  712638  789911  395.00   22
 1  817508  106084  712638  799912  552.00   33
 1  817508  106084  712638  809913  510.00   45
 1  817508  106084  712638  819913  596.00   57
 1  817508  106084  712638  829913  600.00   69
 1  817508  106084  712638  839913  628.00   81
 1  817510  106084  702326  781281  420.00   22
 1  817512  106168  713812  781251  414.00   22
 1  817516  106011  701036  789911  395.00   22
 1  817516  106011  701036  799912  450.00   33
 1  817516  106011  701036  809913  538.00   45
 1  817516  106011  701036  819913  579.00   57
 1  817516  106011  701036  829913  565.00   69
 1  817516  106011  701036  839913  665.00   81
 1  817518  106087  702220  781281  445.00   22
 1  817518  106087  702220  791282  486.00   33
 1  817518  106087  702220  801283  546.00   45
 1  817518  106087  702220  811283  620.00   57
 1  817518  106087  702220  821283  590.00   69
 1  817518  106087  702220  831283  645.00   81
 1  817524  815131  815188  781281  367.00   22
 1  817524  815131  815188  791282  544.00   33
 1  817524  815131  815188  801283  665.00   45
 1  817524  815131  815188  811283  630.00   57
 1  817526  106095  712449  781251  414.00   22
 1  817526  106095  712449  791252  496.00   33
 1  817530  106168  713900  789911  395.00   22
 1  817530  106168  713900  799912  390.00   33
 1  817538  106148  702345  781281  318.00   22
 1  817538  106148  702345  791282  342.00   33
 1  817544  814021  815128  781251  396.00   22
 1  817544  814021  815128  791252  564.00   33
 1  817544  814021  815128  801253  490.00   45
 1  817544  814021  815128  811253  496.00   57
 1  817550  106012  701174  781251  450.00   21
 1  817550  106012  701174  791252  460.00   33
 1  817550  106012  701174  801253  472.00   45
 1  817550  106012  701174  811253  564.00   57
 1  817550  106012  701174  821253  575.00   69
 1  817550  106012  701174  831253  557.00   81
 1  817552  106168  713840  789911  415.00   21
 1  817552  106168  713840  799912  448.00   33
 1  817556  814025  814010  789911  368.00   21
 1  817558  106148  712427  781281  416.00   21
 1  817560  106148  702207  781251  450.00   21
 1  817560  106148  702207  791252  510.00   33
 1  817562  106012  701140  789911  405.00   21
 1  817562  106012  701140  799912  562.00   33
 1  817562  106012  701140  809913  512.00   45
 1  817564  106148  702303  781281  352.00   21
 1  817564  106148  702303  791282  346.00   33
 1  817580  106148  701042  781251  465.00   21
 1  817580  106148  701042  791252  546.00   33
 1  817580  106148  701042  801253  600.00   45
 1  817580  106148  701042  811253  582.00   57
 1  817580  106148  701042  821253  660.00   69
 1  817580  106148  701042  831253  650.00   81
 1  817584  106168  713824  781281  398.00   21
 1  817584  106168  713824  791282  444.00   33
 1  817586  106116  713876  781251  396.00   21
 1  817586  106116  713876  791252  512.00   33
 1  817586  106116  713876  801253  506.00   45
 1  817586  106116  713876  811253  524.00   57
 1  817592  106006  702279  789911  378.00   21
 1  817596  106087  702289  781281  455.00   21
 1  817596  106087  702289  791282  624.00   33
 1  817596  106087  702289  801283  541.00   45
 1  817596  106087  702289  811283  640.00   57
 1  817596  106087  702289  821283  640.00   69
 1  817596  106087  702289  831283  720.00   81
 1  817600  814013  814048  781281  465.00   21
 1  817600  814013  814048  791282  548.00   33
 1  817600  814013  814048  801283  592.00   45
 1  817600  814013  814048  811283  665.00   57
 1  817600  814013  814048  821283  647.00   69
 1  817600  814013  814048  831283  715.00   81
 1  817602  106168  713830  781251  432.00   21
 1  817602  106168  713830  791252  518.00   33
 1  817604  106001  701100  789911  398.00   21
 1  817604  106001  701100  799912  528.00   33
 1  817606  106006  712571  781281  410.00   21
 1  817606  106006  712571  791282  444.00   33
 1  817606  106006  712571  801283  489.00   45
 1  817606  106006  712571  811283  563.00   57
 1  817606  106006  712571  821283  580.00   69
 1  817606  106006  712571  831283  610.00   81
 1  817608  106011  702231  781251  425.00   21
 1  817608  106011  702231  791252  578.00   33
 1  817608  106011  702231  801253  570.00   45
 1  817608  106011  702231  811253  585.00   57
 1  817608  106011  702231  821253  617.00   69
 1  817608  106011  702231  831253  600.00   81
 1  817610  106011  701103  789911  430.00   21
 1  817610  106011  701103  799912  548.00   33
 1  817610  106011  701103  809913  630.00   45
 1  817612  106116  713954  781281  410.00   21
 1  817612  106116  713954  791282  408.00   33
 1  817620  106011  701018  781251  412.00   21
 1  817622  106001  701063  789911  375.00   21
 1  817622  106001  701063  799912  494.00   33
 1  817622  106001  701063  809913  545.00   45
 1  817622  106001  701063  819913  680.00   57
 1  817622  106001  701063  829913  655.00   69
 1  817622  106001  701063  839913  654.00   81
 1  817624  814007  814006  781251  404.00   21
 1  817624  814007  814006  791252  477.00   33
 1  817624  814007  814006  801253  462.00   45
 1  817624  814007  814006  811253  575.00   57
 1  817624  814007  814006  821253  596.00   69
 1  817624  814007  814006  831253  624.00   81
 1  817626  106116  713922  781281  373.00   21
 1  817626  106116  713922  791282  384.00   33
 1  817628  814007  814002  789911  332.00   21
 1  817628  814007  814002  799912  488.00   33
 1  817628  814007  814002  809913  475.00   45
 1  817628  814007  814002  819913  576.00   57
 1  817628  814007  814002  829913  570.00   69
 1  817628  814007  814002  839913  643.00   81
 1  817632  106137  713834  781251  380.00   21
 1  817632  106137  713834  791252  450.00   33
 1  817632  106137  713834  801253  480.00   45
 1  817632  106137  713834  811253  597.00   57
 1  817632  106137  713834  821253  565.00   69
 1  817632  106137  713834  831253  571.00   81
 1  817638  106148  702377  789911  365.00   21
 1  817638  106148  702377  799912  550.00   33
 1  817640  106012  701170  781281  486.00   21
 1  817640  106012  701170  791282  522.00   33
 1  817640  106012  701170  801283  577.00   45
 1  817640  106012  701170  811283  645.00   57
 1  817640  106012  701170  821283  628.00   69
 1  817640  106012  701170  831283  611.00   81
 1  817644  814021  814038  781281  408.00   21
 1  817644  814021  814038  791282  568.00   32
 1  817644  814021  814038  801283  545.00   44
 1  817644  814021  814038  811283  640.00   57
 1  817650  106011  702259  781251  450.00   21
 1  817650  106011  702259  791252  544.00   32
 1  817650  106011  702259  801253  680.00   44
 1  817650  106011  702259  811253  660.00   57
 1  817654  106148  702277  789911  348.00   21
 1  817654  106148  702277  799912  406.00   32
 1  817654  106148  702277  809913  445.00   44
 1  817654  106148  702277  819913  558.00   56
 1  817656  106001  712510  781281  411.00   21
 1  817656  106001  712510  791282  442.00   32
 1  817656  106001  712510  801283  460.00   44
 1  817656  106001  712510  811283  610.00   56
 1  817656  106001  712510  821283  560.00   69
 1  817656  106001  712510  831283  655.00   80
 1  817658  106001  712414  781251  415.00   21
 1  817658  106001  712414  791252  502.00   32
 1  817658  106001  712414  801253  600.00   44
 1  817658  106001  712414  811253  640.00   56
 1  817658  106001  712414  821253  667.00   69
 1  817660  106001  712656  789911  378.00   21
 1  817660  106001  712656  799912  538.00   32
 1  817660  106001  712656  809913  535.00   44
 1  817660  106001  712656  819913  685.00   56
 1  817660  106001  712656  829913  645.00   68
 1  817660  106001  712656  839913  665.00   80
 1  817662  106001  712433  781281  448.00   21
 1  817668  814013  814058  781251  390.00   21
 1  817668  814013  814058  791252  554.00   32
 1  817668  814013  814058  801253  524.00   44
 1  817668  814013  814058  811253  600.00   56
 1  817668  814013  814058  821253  704.00   68
 1  817670  106087  712642  781251  425.00   21
 1  817670  106087  712642  791252  490.00   32
 1  817670  106087  712642  801253  559.00   44
 1  817670  106087  712642  811253  690.00   56
 1  817670  106087  712642  821253  697.00   68
 1  817670  106087  712642  831253  650.00   80
 1  817674  106148  712628  789911  406.00   21
 1  817674  106148  712628  799912  464.00   32
 1  817674  106148  712628  809913  501.00   44
 1  817674  106148  712628  819913  575.00   56
 1  817674  106148  712628  829913  608.00   68
 1  817674  106148  712628  839913  654.00   80
 1  817676  106011  702329  781281  397.00   21
 1  817676  106011  702329  791282  566.00   32
 1  817678  815131  815062  789911  392.00   21
 1  817678  815131  815062  799912  592.00   32
 1  817678  815131  815062  809913  585.00   44
 1  817678  815131  815062  819913  608.00   56
 1  817678  815131  815062  829913  635.00   68
 1  817678  815131  815062  839913  648.00   80
 1  817680  106168  713898  781251  400.00   21
 1  817680  106168  713898  791252  424.00   32
 1  817682  106024  702335  789911  404.00   21
 1  817682  106024  702335  799912  518.00   32
 1  817682  106024  702335  809913  582.00   44
 1  817682  106024  702335  819913  660.00   56
 1  817682  106024  702335  829913  669.00   68
 1  817682  106024  702335  839913  639.00   80
 1  817684  106012  702224  781281  432.00   21
 1  817684  106012  702224  791282  514.00   32
 1  817684  106012  702224  801283  505.00   44
 1  817684  106012  702224  811283  755.00   56
 1  817684  106012  702224  821283  630.00   68
 1  817684  106012  702224  831283  681.00   80
 1  817686  106148  701019  781251  376.00   21
 1  817686  106148  701019  791252  476.00   32
 1  817688  106116  713706  789911  375.00   21
 1  817688  106116  713706  799912  402.00   32
 1  817690  106006  702356  791282  510.00   32
 1  817690  106006  702356  801283  534.00   44
 1  817690  106006  702356  811283  665.00   56
 1  817692  106024  702385  781251  385.00   20
 1  817692  106024  702385  791252  490.00   32
 1  817692  106024  702385  801253  508.00   44
 1  817692  106024  702385  811253  575.00   56
 1  817696  814013  815092  781281  344.00   20
 1  817696  814013  815092  791282  548.00   32
 1  817696  814013  815092  801283  524.00   44
 1  817696  814013  815092  811283  620.00   56
 1  817696  814013  815092  821283  611.00   68
 1  817696  814013  815092  831283  720.00   80
 1  817698  815037  815032  781251  348.00   20
 1  817698  815037  815032  791252  388.00   32
 1  817700  814019  815120  789911  320.00   20
 1  817700  814019  815120  799912  484.00   32
 1  817702  106137  713856  789911  360.00   20
 1  817702  106137  713856  799912  534.00   32
 1  817702  106137  713856  809913  560.00   44
 1  817702  106137  713856  819913  525.00   56
 1  817704  106087  712518  781281  398.00   20
 1  817704  106087  712518  791282  544.00   32
 1  817706  106011  712474  781251  488.00   20
 1  817706  106011  712474  791252  588.00   32
 1  817706  106011  712474  801253  600.00   44
 1  817706  106011  712474  811253  660.00   56
 1  817706  106011  712474  821253  685.00   68
 1  817706  106011  712474  831253  760.00   80
 1  817710  106006  702342  789911  340.00   20
 1  817710  106006  702342  799912  532.00   32
 1  817710  106006  702342  809913  475.00   44
 1  817710  106006  702342  819913  532.00   56
 1  817710  106006  702342  829913  542.00   68
 1  817710  106006  702342  839913  592.00   80
 1  817712  106084  712592  781281  378.00   20
 1  817712  106084  712592  791282  558.00   32
 1  817712  106084  712592  801283  530.00   44
 1  817712  106084  712592  811283  632.00   56
 1  817712  106084  712592  821283  655.00   68
 1  817712  106084  712592  831283  653.00   80
 1  817716  106137  713948  781251  346.00   20
 1  817716  106137  713948  791252  386.00   32
 1  817716  106137  713948  801253  442.00   44
 1  817716  106137  713948  811253  504.00   56
 1  817716  106137  713948  821253  513.00   68
 1  817716  106137  713948  831253  578.00   80
 1  817720  106011  712460  789911  344.00   20
 1  817720  106011  712460  799912  518.00   31
 1  817720  106011  712460  809913  572.00   43
 1  817720  106011  712460  819913  515.00   56
 1  817722  106011  712470  781281  378.00   20
 1  817722  106011  712470  791282  432.00   31
 1  817728  106116  713810  781251  390.00   20
 1  817728  106116  713810  791252  396.00   31
 1  817734  106024  701120  789911  345.00   20
 1  817734  106024  701120  799912  482.00   31
 1  817734  106024  701120  809913  515.00   43
 1  817734  106024  701120  819913  540.00   55
 1  817734  106024  701120  829913  670.00   67
 1  817734  106024  701120  839913  590.00   79
 1  817744  106148  702272  781281  420.00   20
 1  817744  106148  702272  791282  636.00   31
 1  817744  106148  702272  801283  717.00   43
 1  817744  106148  702272  811283  710.00   55
 1  817746  106087  702214  781251  432.00   20
 1  817746  106087  702214  791252  610.00   31
 1  817748  106011  712462  789911  358.00   20
 1  817748  106011  712462  799912  504.00   31
 1  817750  814019  815132  781281  378.00   20
 1  817750  814019  815132  791282  386.00   31
 1  818502  106963  702224  791281  466.00   21
 1  818502  106963  702224  801282  575.00   33
 1  818502  106963  702224  811283  700.00   45
 1  818502  106963  702224  821283  670.00   57
 1  818502  106963  702224  831283  674.00   69
 1  818502  106963  702224  841283  692.00   82
 1  818504  815131  815008  791281  412.00   21
 1  818506  106123  712474  791241  430.00   21
 1  818506  106123  712474  801242  590.00   33
 1  818506  106123  712474  811243  620.00   45
 1  818506  106123  712474  821243  594.00   57
 1  818506  106123  712474  831243  640.00   69
 1  818508  106011  712427  791411  392.00   21
 1  818508  106011  712427  801412  455.00   33
 1  818508  106011  712427  811413  510.00   45
 1  818508  106011  712427  821413  575.00   57
 1  818508  106011  712427  831413  580.00   69
 1  818508  106011  712427  841413  640.00   81
 1  818510  106011  702356  791281  398.00   21
 1  818510  106011  702356  801282  475.00   33
 1  818510  106011  702356  811283  530.00   45
 1  818510  106011  702356  821283  563.00   57
 1  818510  106011  702356  831283  542.00   69
 1  818510  106011  702356  841283  554.00   81
 1  818512  106123  702222  791241  468.00   21
 1  818518  106123  712636  791411  420.00   21
 1  818520  816039  816158  791241  412.00   21
 1  818520  816039  816158  801242  490.00   33
 1  818520  816039  816158  811243  575.00   45
 1  818520  816039  816158  821243  555.00   57
 1  818520  816039  816158  831243  605.00   69
 1  818520  816039  816158  841243  630.00   81
 1  818522  106006  702220  791281  384.00   21
 1  818522  106006  702220  801282  508.00   33
 1  818522  106006  702220  811283  522.00   45
 1  818522  106006  702220  821283  575.00   57
 1  818522  106006  702220  831283  581.00   69
 1  818522  106006  702220  841283  600.00   81
 1  818524  106001  702310  791241  356.00   21
 1  818524  106001  702310  801242  422.00   33
 1  818524  106001  702310  811243  573.00   45
 1  818524  106001  702310  821243  525.00   57
 1  818524  106001  702310  831243  563.00   69
 1  818526  106137  702342  791411  422.00   21
 1  818526  106137  702342  801412  512.00   33
 1  818526  106137  702342  811413  660.00   45
 1  818526  106137  702342  821413  643.00   57
 1  818526  106137  702342  831413  639.00   69
 1  818530  106011  702371  791281  390.00   21
 1  818532  106006  702282  791241  428.00   21
 1  818532  106006  702282  801242  502.00   33
 1  818532  106006  702282  811243  670.00   45
 1  818536  106006  712628  791411  432.00   21
 1  818536  106006  712628  801412  514.00   33
 1  818536  106006  712628  811413  545.00   45
 1  818536  106006  712628  821413  585.00   57
 1  818536  106006  712628  831413  572.00   69
 1  818536  106006  712628  841413  645.00   81
 1  818540  816043  816122  791411  336.00   21
 1  818540  816043  816122  801412  440.00   33
 1  818540  816043  816122  811413  442.00   45
 1  818544  816043  816020  791281  370.00   21
 1  818544  816043  816020  801282  427.00   33
 1  818544  816043  816020  811283  508.00   45
 1  818544  816043  816020  821283  515.00   57
 1  818544  816043  816020  831283  587.00   69
 1  818544  816043  816020  841283  565.00   81
 1  818546  815131  815196  791241  368.00   21
 1  818546  815131  815196  801242  524.00   33
 1  818546  815131  815196  811243  640.00   45
 1  818546  815131  815196  821243  650.00   57
 1  818546  815131  815196  831243  678.00   69
 1  818550  815131  815230  791411  390.00   21
 1  818550  815131  815230  801412  465.00   33
 1  818550  815131  815230  811413  690.00   45
 1  818550  815131  815230  821413  588.00   57
 1  818550  815131  815230  831413  622.00   69
 1  818554  816039  816202  791281  368.00   21
 1  818556  816031  816030  791241  396.00   21
 1  818556  816031  816030  801242  453.00   33
 1  818556  816031  816030  811243  475.00   45
 1  818558  106963  712517  791281  388.00   21
 1  818562  106011  712656  791411  412.00   21
 1  818562  106011  712656  801412  489.00   33
 1  818562  106011  712656  811413  563.00   45
 1  818562  106011  712656  821413  575.00   57
 1  818562  106011  712656  831413  605.00   69
 1  818562  106011  712656  841413  615.00   81
 1  818566  815187  815106  791411  408.00   21
 1  818568  815131  815046  791281  400.00   21
 1  818570  106006  702268  791281  358.00   21
 1  818570  106006  702268  801282  442.00   33
 1  818570  106006  702268  811283  585.00   45
 1  818570  106006  702268  821283  584.00   57
 1  818570  106006  702268  831283  564.00   69
 1  818572  815187  815006  791241  434.00   21
 1  818572  815187  815006  801242  535.00   33
 1  818572  815187  815006  811243  619.00   45
 1  818572  815187  815006  821243  550.00   57
 1  818572  815187  815006  831243  629.00   69
 1  818572  815187  815006  841243  690.00   81
 1  818574  815251  814040  791411  424.00   21
 1  818574  815251  814040  801412  505.00   33
 1  818574  815251  814040  811413  688.00   45
 1  818576  815131  815028  791281  442.00   21
 1  818576  815131  815028  801282  524.00   33
 1  818576  815131  815028  811283  610.00   45
 1  818576  815131  815028  821283  635.00   57
 1  818576  815131  815028  831283  711.00   69
 1  818576  815131  815028  841283  665.00   81
 1  818580  816039  816016  791241  428.00   21
 1  818580  816039  816016  801242  553.00   33
 1  818580  816039  816016  811243  678.00   45
 1  818580  816039  816016  821243  670.00   57
 1  818580  816039  816016  831243  678.00   69
 1  818582  815131  815206  791411  410.00   21
 1  818588  815187  815070  791281  412.00   21
 1  818588  815187  815070  801282  625.00   33
 1  818588  815187  815070  811283  600.00   45
 1  818594  815187  815224  791411  446.00   21
 1  818596  815187  815204  791281  388.00   21
 1  818598  106963  702332  791241  404.00   21
 1  818598  106963  702332  801242  516.00   33
 1  818598  106963  702332  811243  735.00   45
 1  818598  106963  702332  821243  635.00   57
 1  818598  106963  702332  831243  747.00   69
 1  818600  106006  712518  791411  358.00   21
 1  818600  106006  712518  801412  508.00   33
 1  818600  106006  712518  811413  526.00   45
 1  818600  106006  712518  821413  525.00   57
 1  818600  106006  712518  831413  575.00   69
 1  818600  106006  712518  841413  575.00   81
 1  818602  815187  815114  791241  364.00   21
 1  818602  815187  815114  801242  532.00   33
 1  818602  815187  815114  811243  546.00   45
 1  818602  815187  815114  821243  565.00   57
 1  818602  815187  815114  831243  537.00   69
 1  818602  815187  815114  841243  578.00   81
 1  818608  815125  815202  791411  396.00   21
 1  818610  816183  816060  791281  370.00   21
 1  818612  106011  712582  791281  408.00   21
 1  818614  815131  815034  791241  342.00   21
 1  818616  815187  815018  791411  408.00   21
 1  818618  815131  815074  791281  426.00   21
 1  818618  815131  815074  801282  592.00   33
 1  818618  815131  815074  811283  658.00   45
 1  818618  815131  815074  821283  627.00   57
 1  818618  815131  815074  831283  669.00   69
 1  818618  815131  815074  841283  689.00   81
 1  818620  815131  815220  791241  400.00   21
 1  818622  815187  815126  791411  486.00   21
 1  818624  815187  815118  791281  406.00   21
 1  818624  815187  815118  801282  501.00   33
 1  818624  815187  815118  811283  555.00   45
 1  818624  815187  815118  821283  520.00   57
 1  818624  815187  815118  831283  589.00   69
 1  818624  815187  815118  841283  604.00   81
 1  818628  815251  814044  791241  416.00   21
 1  818628  815251  814044  801242  510.00   33
 1  818628  815251  814044  811243  560.00   45
 1  818628  815251  814044  821243  582.00   57
 1  818628  815251  814044  831243  604.00   69
 1  818628  815251  814044  841243  656.00   81
 1  818630  815251  814024  791411  392.00   21
 1  818630  815251  814024  801412  442.00   33
 1  818630  815251  814024  811413  552.00   45
 1  818630  815251  814024  821413  560.00   57
 1  818630  815251  814024  831413  580.00   69
 1  818630  815251  814024  841413  538.00   81
 1  818632  816039  816232  791281  360.00   21
 1  818634  815251  814038  791241  362.00   20
 1  818634  815251  814038  801242  434.00   32
 1  818634  815251  814038  811243  492.00   45
 1  818634  815251  814038  821243  485.00   57
 1  818634  815251  814038  831243  494.00   69
 1  818634  815251  814038  841243  590.00   81
 1  818636  815187  815102  791411  424.00   20
 1  818636  815187  815102  801412  514.00   32
 1  818636  815187  815102  811413  615.00   45
 1  818636  815187  815102  821413  614.00   57
 1  818636  815187  815102  831413  636.00   69
 1  818638  815251  814014  791281  446.00   21
 1  818640  816039  816080  791241  392.00   20
 1  818642  815251  814034  791411  440.00   20
 1  818646  106137  712412  791241  386.00   20
 1  818650  106123  712558  791411  394.00   20
 1  818650  106123  712558  801412  482.00   32
 1  818650  106123  712558  811413  526.00   44
 1  818650  106123  712558  821413  590.00   57
 1  818650  106123  712558  831413  645.00   68
 1  818650  106123  712558  841413  622.00   81
 1  818656  815251  814002  791281  352.00   20
 1  818656  815251  814002  801282  447.00   32
 1  818656  815251  814002  811283  502.00   44
 1  818656  815251  814002  821283  530.00   56
 1  818656  815251  814002  831283  534.00   68
 1  818656  815251  814002  841283  581.00   81
 1  818658  816039  816182  791241  362.00   20
 1  818660  816043  816028  791411  352.00   20
 1  818660  816043  816028  801412  425.00   32
 1  818660  816043  816028  811413  500.00   44
 1  818664  815125  815184  791281  410.00   20
 1  818664  815125  815184  801282  505.00   32
 1  818664  815125  815184  811283  700.00   44
 1  818664  815125  815184  821283  603.00   56
 1  818664  815125  815184  831283  628.00   68
 1  818666  815251  814004  791241  358.00   20
 1  818666  815251  814004  801242  466.00   32
 1  818666  815251  814004  811243  487.00   44
 1  818666  815251  814004  821243  500.00   56
 1  818666  815251  814004  831243  524.00   68
 1  818666  815251  814004  841243  520.00   80
 1  818668  815251  814006  791411  456.00   20
 1  818668  815251  814006  801412  655.00   32
 1  818668  815251  814006  811413  652.00   44
 1  818670  816031  816178  791281  346.00   20
 1  818672  106137  712504  791281  388.00   20
 1  818674  816183  816210  791241  344.00   20
 1  818674  816183  816210  801242  520.00   32
 1  818674  816183  816210  811243  510.00   44
 1  818674  816183  816210  821243  584.00   56
 1  818674  816183  816210  831243  581.00   68
 1  818676  816039  816224  791411  436.00   20
 1  818682  815125  815010  791281  332.00   20
 1  818682  815125  815010  801282  512.00   32
 1  818682  815125  815010  811283  526.00   44
 1  818682  815125  815010  821283  550.00   56
 1  818682  815125  815010  831283  636.00   68
 1  818684  815187  815136  791241  418.00   20
 1  818686  816183  816086  791411  376.00   20
 1  818688  816031  816228  791281  354.00   20
 1  818688  816031  816228  801282  412.00   32
 1  818688  816031  816228  811283  564.00   44
 1  818688  816031  816228  821283  558.00   56
 1  818688  816031  816228  831283  547.00   68
 1  818692  106123  702339  791241  360.00   20
 1  818692  106123  702339  801242  445.00   32
 1  818692  106123  702339  811243  545.00   44
 1  818694  815187  815124  791241  398.00   20
 1  818694  815187  815124  801242  460.00   32
 1  818694  815187  815124  811243  660.00   44
 1  818694  815187  815124  821243  626.00   56
 1  818694  815187  815124  831243  639.00   68
 1  818696  815125  815062  791411  410.00   20
 1  818700  816039  816044  791281  388.00   20
 1  818704  816183  816126  791241  330.00   19
 1  818708  106011  702259  791411  358.00   19
 1  818710  106137  712638  791281  336.00   19
 1  818710  106137  712638  801282  422.00   31
 1  818710  106137  712638  811283  570.00   43
 1  818710  106137  712638  821283  600.00   55
 1  818710  106137  712638  831283  594.00   67
 1  818710  106137  712638  841283  609.00   80
 1  818716  816043  816238  791411  332.00   19
 1  818718  106001  712510  791241  366.00   19
 1  819502  816239  817550  802261  402.00   21
 1  819502  816239  817550  812262  487.00   33
 1  819502  816239  817550  822263  520.00   46
 1  819502  816239  817550  832263  515.00   57
 1  819502  816239  817550  842263  629.00   70
 1  819502  816239  817550  852263  564.00   81
 1  819504  816239  817670  802271  454.00   21
 1  819504  816239  817670  812272  540.00   33
 1  819504  816239  817670  822273  595.00   46
 1  819504  816239  817670  832273  576.00   57
 1  819504  816239  817670  842273  660.00   70
 1  819504  816239  817670  852273  666.00   81
 1  819506  816049  814058  802261  457.00   21
 1  819506  816049  814058  812262  520.00   33
 1  819506  816049  814058  822263  550.00   45
 1  819506  816049  814058  832263  561.00   57
 1  819510  816201  815216  802271  485.00   21
 1  819510  816201  815216  812272  528.00   33
 1  819510  816201  815216  822273  650.00   45
 1  819510  816201  815216  832273  675.00   57
 1  819510  816201  815216  842273  675.00   69
 1  819510  816201  815216  852273  696.00   81
 1  819512  816143  815130  802261  435.00   21
 1  819512  816143  815130  812262  535.00   33
 1  819512  816143  815130  822263  585.00   45
 1  819512  816143  815130  832263  637.00   57
 1  819512  816143  815130  842263  652.00   69
 1  819512  816143  815130  852263  658.00   81
 1  819514  816071  816030  802271  450.00   21
 1  819514  816071  816030  812272  498.00   33
 1  819516  816231  817622  802261  407.00   21
 1  819516  816231  817622  812262  537.00   33
 1  819516  816231  817622  822263  545.00   45
 1  819516  816231  817622  832263  717.00   57
 1  819516  816231  817622  842263  640.00   69
 1  819516  816231  817622  852263  638.00   81
 1  819520  816143  814020  802271  442.00   21
 1  819520  816143  814020  812272  484.00   33
 1  819520  816143  814020  822273  520.00   45
 1  819520  816143  814020  832273  628.00   57
 1  819520  816143  814020  842273  580.00   69
 1  819520  816143  814020  852273  625.00   81
 1  819524  816239  817650  802271  424.00   21
 1  819524  816239  817650  812272  503.00   33
 1  819524  816239  817650  822273  470.00   45
 1  819524  816239  817650  832273  510.00   57
 1  819524  816239  817650  842273  552.00   69
 1  819524  816239  817650  852273  558.00   81
 1  819526  816143  814026  802261  456.00   21
 1  819526  816143  814026  812262  565.00   33
 1  819526  816143  814026  822263  518.00   45
 1  819526  816143  814026  832263  576.00   57
 1  819530  816231  817516  802271  453.00   21
 1  819530  816231  817516  812272  520.00   33
 1  819530  816231  817516  822273  500.00   45
 1  819530  816231  817516  832273  665.00   57
 1  819530  816231  817516  842273  647.00   69
 1  819530  816231  817516  852273  733.00   81
 1  819532  816071  816122  802261  446.00   21
 1  819532  816071  816122  812262  494.00   33
 1  819534  816143  814048  802271  524.00   21
 1  819534  816143  814048  812272  608.00   33
 1  819534  816143  814048  822273  623.00   45
 1  819534  816143  814048  832273  637.00   57
 1  819534  816143  814048  842273  751.00   69
 1  819534  816143  814048  852273  705.00   81
 1  819536  816053  817584  802261  392.00   21
 1  819536  816053  817584  812262  502.00   33
 1  819536  816053  817584  822263  480.00   45
 1  819536  816053  817584  832263  507.00   57
 1  819536  816053  817584  842263  560.00   69
 1  819536  816053  817584  852263  626.00   81
 1  819538  816053  817626  802271  401.00   21
 1  819538  816053  817626  812272  537.00   33
 1  819538  816053  817626  822273  450.00   45
 1  819538  816053  817626  832273  496.00   57
 1  819538  816053  817626  842273  510.00   69
 1  819538  816053  817626  852273  549.00   81
 1  819540  816231  817530  802261  431.00   21
 1  819540  816231  817530  812262  478.00   33
 1  819540  816231  817530  822263  483.00   45
 1  819540  816231  817530  832263  641.00   57
 1  819540  816231  817530  842263  640.00   69
 1  819540  816231  817530  852263  631.00   81
 1  819546  816053  817640  802271  372.00   21
 1  819546  816053  817640  812272  498.00   33
 1  819550  816207  816020  802271  425.00   21
 1  819550  816207  816020  812272  546.00   33
 1  819550  816207  816020  822273  522.00   45
 1  819550  816207  816020  832273  533.00   57
 1  819550  816207  816020  842273  570.00   69
 1  819550  816207  816020  852273  562.00   81
 1  819554  816239  817602  802271  434.00   21
 1  819554  816239  817602  812272  636.00   33
 1  819556  816143  815104  802261  372.00   21
 1  819556  816143  815104  812262  470.00   33
 1  819556  816143  815104  822263  460.00   45
 1  819556  816143  815104  832263  584.00   57
 1  819558  816143  814054  802271  392.00   20
 1  819560  816239  817624  802261  455.00   20
 1  819560  816239  817624  812262  555.00   33
 1  819560  816239  817624  822263  590.00   45
 1  819560  816239  817624  832263  665.00   57
 1  819562  816201  815202  802271  422.00   20
 1  819562  816201  815202  812272  480.00   32
 1  819562  816201  815202  822273  530.00   45
 1  819562  816201  815202  832273  540.00   56
 1  819562  816201  815202  842273  572.00   69
 1  819562  816201  815202  852273  608.00   80
 1  819564  816201  815184  802261  442.00   20
 1  819564  816201  815184  812262  635.00   32
 1  819566  816239  817728  802271  452.00   20
 1  819566  816239  817728  812272  622.00   32
 1  819566  816239  817728  822273  552.00   44
 1  819566  816239  817728  832273  555.00   56
 1  819568  816143  814032  802261  454.00   20
 1  819568  816143  814032  812262  535.00   32
 1  819570  816049  815124  802271  460.00   20
 1  819570  816049  815124  812272  544.00   32
 1  819570  816049  815124  822273  530.00   44
 1  819570  816049  815124  832273  562.00   56
 1  819570  816049  815124  842273  645.00   69
 1  819570  816049  815124  852273  671.00   80
 1  819576  816049  814034  802271  527.00   20
 1  819576  816049  814034  812272  655.00   32
 1  819576  816049  814034  822273  664.00   44
 1  819576  816049  814034  832273  770.00   56
 1  819580  816231  817688  802271  392.00   20
 1  819580  816231  817688  812272  534.00   32
 1  819580  816231  817688  822273  447.00   44
 1  819580  816231  817688  832273  625.00   56
 1  819582  816201  815246  802261  405.00   20
 1  819582  816201  815246  812262  483.00   32
 1  819584  816143  815012  802271  401.00   20
 1  819584  816143  815012  812272  484.00   32
 1  819584  816143  815012  822273  557.00   44
 1  819584  816143  815012  832273  564.00   56
 1  819586  816053  817684  802261  405.00   20
 1  819586  816053  817684  812262  530.00   32
 1  819586  816053  817684  822263  495.00   44
 1  819586  816053  817684  832263  645.00   56
 1  819592  816023  815010  802271  462.00   20
 1  819594  816023  815060  802261  390.00   20
 1  819594  816023  815060  812262  520.00   32
 1  819594  816023  815060  822263  502.00   44
 1  819594  816023  815060  832263  620.00   56
 1  819594  816023  815060  842263  579.00   68
 1  819594  816023  815060  852263  595.00   80
 1  819596  816049  815106  802271  468.00   20
 1  819596  816049  815106  812272  548.00   32
 1  819596  816049  815106  822273  635.00   44
 1  819596  816049  815106  832273  620.00   56
 1  819600  816023  815068  802261  397.00   20
 1  819600  816023  815068  812262  460.00   32
 1  819600  816023  815068  822263  450.00   44
 1  819600  816023  815068  832263  575.00   56
 1  819604  816023  815114  802271  442.00   20
 1  819604  816023  815114  812272  488.00   32
 1  819606  816023  814060  802261  422.00   20
 1  819606  816023  814060  812262  530.00   32
 1  819608  816231  817552  802271  402.00   19
 1  819608  816231  817552  812272  496.00   32
 1  819608  816231  817552  822273  520.00   44
 1  819608  816231  817552  832273  630.00   56
 1  819608  816231  817552  842273  616.00   68
 1  819608  816231  817552  852273  600.00   79
 1  819610  816201  815182  802261  401.00   19
 1  819610  816201  815182  812262  508.00   32
 1  819610  816201  815182  822263  514.00   44
 1  819610  816201  815182  832263  538.00   56
 1  819610  816201  815182  842263  592.00   68
 1  819610  816201  815182  852263  619.00   79
 1  819612  816239  817632  802271  392.00   19
 1  819612  816239  817632  812272  456.00   32
 1  819614  816023  814024  802261  362.00   19
 1  819614  816023  814024  812262  460.00   32
 1  819616  816023  814018  802271  472.00   19
 1  819618  816207  816004  802261  430.00   19
 1  819618  816207  816004  812262  494.00   31
 1  819618  816207  816004  822263  520.00   44
 1  819618  816207  816004  832263  548.00   55
 1  819618  816207  816004  842263  580.00   68
 1  819618  816207  816004  852263  666.00   79
 1  819628  816207  816098  802261  395.00   19
 1  819628  816207  816098  812262  444.00   31
 1  819632  816023  815040  802271  402.00   19
 1  819632  816023  815040  812272  542.00   31
 1  820502  817569  816232  812251  434.00   21
 1  820502  817569  816232  822252  470.00   33
 1  820502  817569  816232  832253  520.00   45
 1  820506  817529  817734  811411  423.00   21
 1  820516  817547  814038  812251  448.00   21
 1  820522  817569  816062  812261  400.00   21
 1  820522  817569  816062  822262  485.00   33
 1  820526  817601  818526  812251  468.00   21
 1  820526  817601  818526  822252  520.00   33
 1  820526  817601  818526  832253  640.00   45
 1  820526  817601  818526  842253  696.00   57
 1  820526  817601  818526  852253  630.00   69
 1  820526  817601  818526  862253  744.00   81
 1  820528  817547  814062  811421  496.00   21
 1  820528  817547  814062  821422  540.00   33
 1  820528  817547  814062  831423  572.00   45
 1  820528  817547  814062  841423  622.00   57
 1  820528  817547  814062  851423  680.00   69
 1  820528  817547  814062  861423  667.00   81
 1  820532  817609  817544  812261  364.00   21
 1  820534  817583  815192  812251  454.00   21
 1  820534  817583  815192  822252  564.00   33
 1  820534  817583  815192  832253  545.00   45
 1  820534  817583  815192  842253  576.00   57
 1  820534  817583  815192  852253  602.00   69
 1  820534  817583  815192  862253  627.00   81
 1  820542  817609  817674  811411  460.00   21
 1  820542  817609  817674  821412  500.00   33
 1  820542  817609  817674  831413  536.00   45
 1  820544  817577  815012  811421  444.00   21
 1  820548  817601  818630  811421  475.00   21
 1  820550  817655  818624  811421  460.00   21
 1  820550  817655  818624  821422  495.00   33
 1  820550  817655  818624  831423  526.00   45
 1  820550  817655  818624  841423  564.00   57
 1  820550  817655  818624  851423  661.00   69
 1  820550  817655  818624  861423  629.00   81
 1  820552  817529  817518  812261  482.00   21
 1  820558  817547  814030  812251  510.00   21
 1  820558  817547  814030  822252  585.00   33
 1  820558  817547  814030  832253  642.00   45
 1  820558  817547  814030  842253  688.00   57
 1  820558  817547  814030  852253  709.00   69
 1  820558  817547  814030  862253  643.00   81
 1  820564  817583  815210  812261  468.00   21
 1  820566  817547  814018  811411  544.00   21
 1  820566  817547  814018  821412  613.00   33
 1  820566  817547  814018  831413  663.00   45
 1  820568  817583  815238  811411  440.00   21
 1  820570  817577  815156  812261  402.00   21
 1  820576  817547  814028  812261  432.00   21
 1  820576  817547  814028  822262  574.00   33
 1  820576  817547  814028  832263  601.00   45
 1  820578  817625  815168  811421  460.00   21
 1  820578  817625  815168  821422  488.00   33
 1  820578  817625  815168  831423  631.00   45
 1  820586  817569  816042  811421  455.00   21
 1  820590  817609  817684  812251  488.00   21
 1  820590  817609  817684  822252  575.00   33
 1  820590  817609  817684  832253  574.00   45
 1  820590  817609  817684  842253  682.00   57
 1  820590  817609  817684  852253  688.00   69
 1  820590  817609  817684  862253  645.00   81
 1  820594  817577  815108  811421  540.00   21
 1  820594  817577  815108  821422  602.00   33
 1  820594  817577  815108  831423  697.00   45
 1  820594  817577  815108  841423  656.00   57
 1  820594  817577  815108  851423  655.00   69
 1  820594  817577  815108  861423  688.00   81
 1  820598  817583  815186  811421  510.00   21
 1  820598  817583  815186  821422  530.00   33
 1  820598  817583  815186  831423  654.00   45
 1  820600  817583  815136  812261  428.00   21
 1  820602  817583  815224  812261  448.00   21
 1  820604  817609  817610  812261  458.00   21
 1  820604  817609  817610  822262  530.00   33
 1  820604  817609  817610  832263  665.00   45
 1  820604  817609  817610  842263  655.00   57
 1  820604  817609  817610  852263  703.00   69
 1  820604  817609  817610  862263  690.00   81
 1  820606  817583  815118  811411  466.00   21
 1  820606  817583  815118  821412  480.00   33
 1  820606  817583  815118  831413  557.00   45
 1  820606  817583  815118  841413  622.00   57
 1  820606  817583  815118  851413  604.00   69
 1  820606  817583  815118  861413  646.00   81
 1  820608  817625  815062  812261  464.00   21
 1  820608  817625  815062  822262  500.00   33
 1  820608  817625  815062  832263  664.00   45
 1  820608  817625  815062  842263  635.00   57
 1  820608  817625  815062  852263  648.00   69
 1  820608  817625  815062  862263  634.00   81
 1  820612  817583  815106  811411  586.00   21
 1  820612  817583  815106  821412  502.00   33
 1  820612  817583  815106  831413  562.00   45
 1  820612  817583  815106  841413  612.00   57
 1  820612  817583  815106  851413  654.00   69
 1  820612  817583  815106  861413  667.00   81
 1  820614  817569  816114  811411  403.00   21
 1  820614  817569  816114  821412  402.00   33
 1  820614  817569  816114  831413  489.00   45
 1  820614  817569  816114  841413  646.00   57
 1  820614  817569  816114  851413  595.00   69
 1  820614  817569  816114  861413  601.00   81
 1  820616  817577  815102  811421  446.00   21
 1  820628  817577  815142  811411  425.00   21
 1  820636  817581  816136  812261  380.00   20
 1  820638  817667  817696  812251  452.00   20
 1  820644  817577  816060  811421  464.00   20
 1  820648  817667  817710  812261  342.00   20
 1  820650  817547  814034  812261  376.00   20
 1  820650  817547  814034  822262  565.00   32
 1  820650  817547  814034  832263  554.00   44
 1  820650  817547  814034  842263  595.00   56
 1  820650  817547  814034  852263  668.00   68
 1  820650  817547  814034  862263  634.00   80
 1  820656  817667  817530  811421  445.00   20
 1  820658  817577  815006  812251  434.00   20
 1  820658  817577  815006  822252  510.00   32
 1  820658  817577  815006  832253  554.00   44
 1  820658  817577  815006  842253  576.00   56
 1  820658  817577  815006  852253  573.00   68
 1  820664  817667  817580  812251  428.00   20
 1  820664  817667  817580  822252  564.00   32
 1  820664  817667  817580  832253  632.00   44
 1  820664  817667  817580  842253  710.00   56
 1  820664  817667  817580  852253  668.00   68
 1  820664  817667  817580  862253  645.00   80
 1  820668  817577  815048  811421  455.00   20
 1  820668  817577  815048  821422  502.00   32
 1  820668  817577  815048  831423  528.00   44
 1  820668  817577  815048  841423  660.00   56
 1  820668  817577  815048  851423  644.00   68
 1  820668  817577  815048  861423  634.00   80
 1  820672  817583  815082  812251  468.00   20
 1  820672  817583  815082  822252  505.00   32
 1  820672  817583  815082  832253  516.00   44
 1  820672  817583  815082  842253  592.00   56
 1  820672  817583  815082  852253  604.00   68
 1  820672  817583  815082  862253  635.00   80
 1  820674  817609  817660  811411  400.00   20
 1  820678  817625  815040  812251  440.00   20
 1  820678  817625  815040  822252  480.00   32
 1  820678  817625  815040  832253  510.00   44
 1  820680  817621  818556  812261  396.00   20
 1  820684  817609  817690  811421  440.00   20
 1  820684  817609  817690  821422  520.00   32
 1  820684  817609  817690  831423  534.00   44
 1  820684  817609  817690  841423  578.00   56
 1  820684  817609  817690  851423  651.00   68
 1  820684  817609  817690  861423  665.00   80
 1  820688  817577  815184  811411  451.00   20
 1  820690  817569  816120  811411  442.00   20
 1  820690  817569  816120  821412  609.00   32
 1  820690  817569  816120  831413  575.00   44
 1  820692  817667  817560  811421  462.00   20
 1  820692  817667  817560  821422  495.00   32
 1  820692  817667  817560  831423  650.00   44
 1  820692  817667  817560  841423  611.00   56
 1  820692  817667  817560  851423  621.00   68
 1  820694  817601  818540  811411  411.00   20
 1  820700  817655  818576  812251  402.00   20
 1  820708  817655  818656  811411  370.00   20
 1  820710  817621  818532  812251  350.00   20
 1  820716  817655  818688  812251  434.00   20
 1  820716  817655  818688  822252  560.00   32
 1  820716  817655  818688  832253  560.00   44
 1  820718  817601  818574  812261  366.00   20
 1  820724  817547  814014  811421  436.00   19
 1  820724  817547  814014  821422  460.00   31
 1  820724  817547  814014  831423  624.00   43
 1  820724  817547  814014  841423  602.00   55
 1  820724  817547  814014  851423  619.00   67
 1  820724  817547  814014  861423  635.00   79
 1  820730  817621  818524  811421  320.00   19
 1  821502       0  819568  822251  385.00   22
 1  821502       0  819568  832252  541.00   34
 1  821502       0  819568  842253  526.00   46
 1  821502       0  819568  852253  527.00   58
 1  821502       0  819568  862253  535.00   70
 1  821508  818543  815118  822261  460.00   22
 1  821508  818543  815118  832262  502.00   34
 1  821508  818543  815118  842263  571.00   46
 1  821508  818543  815118  852263  610.00   57
 1  821508  818543  815118  862263  657.00   70
 1  821512  818709  815192  821421  425.00   22
 1  821512  818709  815192  831422  576.00   34
 1  821512  818709  815192  841423  596.00   46
 1  821512  818709  815192  851423  633.00   57
 1  821512  818709  815192  861423  709.00   70
 1  821512  818709  815192  871423  751.00   82
 1  821516  818673  817562  822251  375.00   22
 1  821516  818673  817562  832252  500.00   34
 1  821516  818673  817562  842253  462.00   46
 1  821516  818673  817562  852253  527.00   57
 1  821516  818673  817562  862253  512.00   70
 1  821516  818673  817562  872253  479.00   82
 1  821518  818587  817706  821421  425.00   21
 1  821518  818587  817706  831422  631.00   33
 1  821520  818587  814018  822251  488.00   21
 1  821520  818587  814018  832252  654.00   33
 1  821522  818709  814020  822261  380.00   21
 1  821522  818709  814020  832262  562.00   33
 1  821522  818709  814020  842263  544.00   46
 1  821522  818709  814020  852263  544.00   57
 1  821522  818709  814020  862263  595.00   70
 1  821522  818709  814020  872263  545.00   82
 1  821528  818587  816182  822251  460.00   21
 1  821528  818587  816182  832252  654.00   33
 1  821528  818587  816182  842253  645.00   46
 1  821528  818587  816182  852253  576.00   57
 1  821530  818543  815238  822251  359.00   21
 1  821530  818543  815238  832252  536.00   33
 1  821530  818543  815238  842253  525.00   46
 1  821530  818543  815238  852253  566.00   57
 1  821530  818543  815238  862253  594.00   70
 1  821530  818543  815238  872253  560.00   81
 1  821532  818573  816006  821421  435.00   21
 1  821532  818573  816006  831422  562.00   33
 1  821532  818573  816006  841423  648.00   46
 1  821532  818573  816006  851423  616.00   57
 1  821534  818543  814032  821411  455.00   21
 1  821534  818543  814032  831412  642.00   33
 1  821534  818543  814032  841413  629.00   46
 1  821534  818543  814032  851413  721.00   57
 1  821534  818543  814032  861413  753.00   69
 1  821534  818543  814032  871413  774.00   81
 1  821536  818647  819510  821421  433.00   21
 1  821536  818647  819510  831422  609.00   33
 1  821536  818647  819510  841423  592.00   46
 1  821536  818647  819510  851423  605.00   57
 1  821536  818647  819510  861423  682.00   69
 1  821536  818647  819510  871423  638.00   81
 1  821538  818587  817682  822261  440.00   21
 1  821538  818587  817682  832262  606.00   33
 1  821538  818587  817682  842263  606.00   46
 1  821538  818587  817682  852263  657.00   57
 1  821538  818587  817682  862263  687.00   69
 1  821538  818587  817682  872263  644.00   81
 1  821544  818701  816058  822251  380.00   21
 1  821544  818701  816058  832252  534.00   33
 1  821544  818701  816058  842253  515.00   45
 1  821544  818701  816058  852253  684.00   57
 1  821544  818701  816058  862253  623.00   69
 1  821544  818701  816058  872253  549.00   81
 1  821546  818673  816010  821421  348.00   21
 1  821546  818673  816010  831422  506.00   33
 1  821546  818673  816010  841423  498.00   45
 1  821546  818673  816010  851423  510.00   57
 1  821546  818673  816010  861423  524.00   69
 1  821546  818673  816010  871423  608.00   81
 1  821554  818543  817744  821411  425.00   21
 1  821554  818543  817744  831412  648.00   33
 1  821554  818543  817744  841413  618.00   45
 1  821554  818543  817744  851413  681.00   57
 1  821554  818543  817744  861413  737.00   69
 1  821554  818543  817744  871413  849.00   81
 1  821556  818647  819514  821411  415.00   21
 1  821556  818647  819514  831412  632.00   33
 1  821556  818647  819514  841413  567.00   45
 1  821556  818647  819514  851413  611.00   57
 1  821556  818647  819514  861413  648.00   69
 1  821556  818647  819514  871413  559.00   81
 1  821562  818543  817622  822261  395.00   21
 1  821562  818543  817622  832262  571.00   33
 1  821564  818557  815146  822251  405.00   21
 1  821564  818557  815146  832252  574.00   33
 1  821564  818557  815146  842253  606.00   45
 1  821564  818557  815146  852253  645.00   57
 1  821564  818557  815146  862253  631.00   69
 1  821564  818557  815146  872253  604.00   81
 1  821570  818587  816142  822261  426.00   21
 1  821570  818587  816142  832262  506.00   33
 1  821572  818687  818634  822261  410.00   21
 1  821572  818687  818634  832262  550.00   33
 1  821572  818687  818634  842263  576.00   45
 1  821574  818567  815202  821411  396.00   21
 1  821574  818567  815202  831412  580.00   33
 1  821574  818567  815202  841413  599.00   45
 1  821574  818567  815202  851413  584.00   57
 1  821580  818673  815070  821411  445.00   21
 1  821584  818701  817702  822261  410.00   21
 1  821584  818701  817702  832262  583.00   33
 1  821584  818701  817702  842263  580.00   45
 1  821584  818701  817702  852263  612.00   57
 1  821584  818701  817702  862263  639.00   69
 1  821584  818701  817702  872263  596.00   81
 1  821586  818567  817640  822261  430.00   21
 1  821586  818567  817640  832262  600.00   33
 1  821586  818567  817640  842263  608.00   45
 1  821586  818567  817640  852263  740.00   57
 1  821586  818567  817640  862263  697.00   69
 1  821586  818567  817640  872263  656.00   81
 1  821588  818543  816028  822251  445.00   21
 1  821588  818543  816028  832252  547.00   33
 1  821590  818567  815108  821421  425.00   21
 1  821590  818567  815108  831422  592.00   33
 1  821590  818567  815108  841423  626.00   45
 1  821590  818567  815108  851423  649.00   57
 1  821590  818567  815108  861423  730.00   69
 1  821590  818567  815108  871423  679.00   81
 1  821594  818647  819504  821421  430.00   21
 1  821594  818647  819504  831422  496.00   33
 1  821594  818647  819504  841423  538.00   45
 1  821594  818647  819504  851423  653.00   57
 1  821594  818647  819504  861423  597.00   69
 1  821596  818543  817524  821411  409.00   21
 1  821596  818543  817524  831412  677.00   33
 1  821598  818687  818650  821411  400.00   21
 1  821598  818687  818650  831412  556.00   33
 1  821598  818687  818650  841413  522.00   45
 1  821598  818687  818650  851413  564.00   57
 1  821598  818687  818650  861413  533.00   69
 1  821602  818587  817658  821421  437.00   21
 1  821602  818587  817658  831422  660.00   33
 1  821602  818587  817658  841423  668.00   45
 1  821602  818587  817658  851423  673.00   57
 1  821602  818587  817658  861423  684.00   69
 1  821602  818587  817658  871423  693.00   81
 1  821612  818557  814052  822261  433.00   21
 1  821612  818557  814052  832262  628.00   33
 1  821612  818557  814052  842263  596.00   45
 1  821612  818557  814052  852263  667.00   57
 1  821612  818557  814052  862263  706.00   69
 1  821612  818557  814052  872263  707.00   81
 1  821614  818597  818618  822261  465.00   21
 1  821614  818597  818618  832262  650.00   33
 1  821614  818597  818618  842263  680.00   45
 1  821614  818597  818618  852263  668.00   57
 1  821614  818597  818618  862263  725.00   69
 1  821614  818597  818618  872263  723.00   81
 1  821616  818543  815184  821411  425.00   21
 1  821616  818543  815184  831412  517.00   33
 1  821618  818573  815196  821411  395.00   21
 1  821618  818573  815196  831412  606.00   33
 1  821618  818573  815196  841413  600.00   45
 1  821618  818573  815196  851413  673.00   57
 1  821618  818573  815196  861413  717.00   69
 1  821622  818543  815012  822251  355.00   21
 1  821622  818543  815012  832252  548.00   33
 1  821628  818587  815154  821411  380.00   21
 1  821628  818587  815154  831412  582.00   33
 1  821634  818543  816050  822261  382.00   21
 1  821634  818543  816050  832262  534.00   33
 1  821634  818543  816050  842263  515.00   45
 1  821634  818543  816050  852263  555.00   57
 1  821634  818543  816050  862263  554.00   69
 1  821634  818543  816050  872263  695.00   81
 1  821636  818703  819560  822261  413.00   21
 1  821636  818703  819560  832262  598.00   33
 1  821636  818703  819560  842263  618.00   45
 1  821636  818703  819560  852263  637.00   57
 1  821636  818703  819560  862263  646.00   69
 1  821636  818703  819560  872263  630.00   81
 1  821638  818557  817734  821421  398.00   21
 1  821638  818557  817734  831422  558.00   33
 1  821638  818557  817734  841423  572.00   45
 1  821638  818557  817734  851423  634.00   57
 1  821638  818557  817734  861423  655.00   69
 1  821642  818703  819556  821421  403.00   21
 1  821642  818703  819556  831422  556.00   33
 1  821642  818703  819556  841423  570.00   45
 1  821642  818703  819556  851423  602.00   57
 1  821642  818703  819556  861423  634.00   69
 1  821642  818703  819556  871423  670.00   81
 1  821644  818703  819618  821411  445.00   21
 1  821644  818703  819618  831412  612.00   33
 1  821644  818703  819618  841413  635.00   45
 1  821644  818703  819618  851413  664.00   56
 1  821644  818703  819618  861413  675.00   69
 1  821644  818703  819618  871413  660.00   81
 1  821670  818647  819576  822251  463.00   20
 1  821670  818647  819576  832252  687.00   32
 1  821670  818647  819576  842253  671.00   45
 1  821670  818647  819576  852253  636.00   56
 1  821670  818647  819576  862253  697.00   69
 1  821674  818687  818506  822251  259.00   20
 1  821674  818687  818506  832252  440.00   32
 1  821676  818687  818624  822261  385.00   20
 1  821676  818687  818624  832262  598.00   32
 1  821676  818687  818624  842263  555.00   44
 1  821676  818687  818624  852263  584.00   56
 1  821676  818687  818624  862263  640.00   68
 1  821676  818687  818624  872263  629.00   80
 1  821678  818687  818666  821421  377.00   20
 1  821678  818687  818666  831422  550.00   32
 1  821678  818687  818666  841423  530.00   44
 1  821678  818687  818666  851423  650.00   56
 1  821678  818687  818666  861423  603.00   68
 1  821678  818687  818666  871423  584.00   80
 1  821686  818687  818536  822261  435.00   20
 1  821686  818687  818536  832262  668.00   32
 1  821696  818673  815204  821411  423.00   20
 1  821696  818673  815204  831412  630.00   32
 1  821696  818673  815204  841413  595.00   44
 1  821696  818673  815204  851413  631.00   56
 1  821702  818687  818562  822251  360.00   20
 1  821702  818687  818562  832252  602.00   32
 1  821704  818701  815058  822261  385.00   20
 1  821704  818701  815058  832262  566.00   32
 1  821704  818701  815058  842263  586.00   44
 1  821704  818701  815058  852263  668.00   56
 1  821704  818701  815058  862263  744.00   68
 1  821704  818701  815058  872263  656.00   80
 1  821720  818687  818572  821421  454.00   20
 1  821720  818687  818572  831422  671.00   32
 1  821726  818597  818692  821421  420.00   20
 1  821726  818597  818692  831422  630.00   32
 1  821728  818597  818628  822251  420.00   20
 1  821728  818597  818628  832252  608.00   32
 1  821728  818597  818628  842253  613.00   44
 1  821728  818597  818628  852253  624.00   55
 1  821736  818701  816228  822251  435.00   19
 1  821736  818701  816228  832252  586.00   31
 1  821736  818701  816228  842253  558.00   43
 1  821736  818701  816228  852253  592.00   55
 1  821736  818701  816228  862253  623.00   67
 1  821736  818701  816228  872253  611.00   79
