1           1          19
1           2          20
1           3          21
1           4          22
2           5          31
2           6          32
2           7          33
2           8          34
3           9          43
3          10          44
3          11          45
3          12          46
4          13          55
4          14          56
4          15          57
4          16          58
5          17          67
5          18          68
5          19          69
5          20          70
6          21          79
6          22          80
6          23          81
6          24          82
