1101010000000202 PIPER
        WW  HLW HCW HGW FD  HTS ECW EBW OR  NLB NLW 
    3000    1000
    4000     600    1000
     500     300     300    1000
     632     300     300     850    1000
    1732     100     130     200     200    1000
     520     400     600     300     300     200    1000
     592     150     150     600     500     200     010    1000
    4472     500     800     150     150     100     200     250    1000
     458     150     210     100     110      10      70      20     170    1000
     400     130     170      80      90     -30      60     -70     120     180
    1000
     500     110     150      20      20     -20      50    -110      40      80
     460    1000
     200    1000
     350     700    1000
     350       0       0    1000
     350       0       0     850    1000
     500     100     100     250     250    1000
     600     400     700     350     350     100    1000
     400       0       0     800     700     250      50    1000
     350     650     850       0       0     100     450       0    1000
     100      50     100       0       0       0     300       0     250    1000
      80      50     100       0       0       0     300       0     250     990
    1000
      80      50     100       0       0       0     250       0     250     750
     750    1000
            0.94    0.00   10.70    0.00   -1.50    0.00    0.00    0.13
    0.00    0.00   53.90
0104000000000101
010001010402030506
03000101020910000001100315
120020010109
120020010106

0204000000000100
0100010103020409
03000101020910000001100315
120020010109
120020010106
 

